$Density
2700
$EndDensity

$LinearElasticConstants
 1.10937870e+11   6.53043654e+10   6.53043654e+10   0.00000000e+00    0.00000000e+00   0.00000000e+00
 6.53043654e+10   1.10937870e+11   6.53043654e+10   0.00000000e+00    0.00000000e+00   0.00000000e+00
 6.53043654e+10   6.53043654e+10   1.10937870e+11   0.00000000e+00    0.00000000e+00   0.00000000e+00
 0.00000000e+00   0.00000000e+00   0.00000000e+00   2.28167523e+10    0.00000000e+00   0.00000000e+00
 0.00000000e+00   0.00000000e+00   0.00000000e+00   0.00000000e+00    2.28167523e+10   0.00000000e+00
 0.00000000e+00   0.00000000e+00   0.00000000e+00   0.00000000e+00    0.00000000e+00   2.28167523e+10
$EndLinearElasticConstants